102 18 0 65 1 11 2 200 3 200 4 200 5 156 6 22077 7 1 8 0
101 18 0 65 1 11 2 200 3 200 4 200 5 156 6 22077 7 1 8 0
0 18 0 65 1 11 2 200 3 200 4 200 5 156 6 22077 7 1 8 0
105 18 0 65 1 11 2 200 3 200 4 200 5 156 6 22077 7 1 8 0
98 18 0 65 1 11 2 200 3 200 4 200 5 156 6 22077 7 1 8 0
107 18 0 65 1 11 2 200 3 200 4 200 5 156 6 22077 7 1 8 0
106 18 0 65 1 11 2 200 3 200 4 200 5 156 6 22077 7 1 8 0
135 18 0 65 1 11 2 200 3 200 4 200 5 156 6 22077 7 1 8 0
39 18 0 51 1 11 2 200 3 200 4 200 5 156 6 22077 7 1 8 0
40 18 0 51 1 11 2 200 3 200 4 200 5 156 6 22077 7 1 8 0
40 18 0 51 1 11 2 200 3 200 4 200 5 156 6 22077 7 1 8 0
39 18 0 51 1 11 2 200 3 200 4 200 5 156 6 22077 7 1 8 0
42 18 0 51 1 11 2 200 3 200 4 200 5 156 6 22077 7 1 8 0
91 18 0 62 1 11 2 200 3 200 4 200 5 156 6 22077 7 1 8 0
120 18 0 68 1 11 2 200 3 200 4 200 5 156 6 22077 7 1 8 0
139 18 0 86 1 11 2 200 3 200 4 200 5 156 6 22077 7 1 8 0
211 18 0 86 1 11 2 200 3 200 4 200 5 156 6 22077 7 1 8 0
40 18 0 51 1 11 2 200 3 200 4 200 5 156 6 22077 7 1 8 0
61 18 0 65 1 11 2 200 3 200 4 200 5 156 6 22077 7 1 8 0
104 18 0 64 1 11 2 200 3 200 4 200 5 156 6 22077 7 1 8 0
107 18 0 64 1 11 2 200 3 200 4 200 5 156 6 22077 7 1 8 0
104 18 0 64 1 11 2 200 3 200 4 200 5 156 6 22077 7 1 8 0
104 18 0 64 1 11 2 200 3 200 4 200 5 156 6 22077 7 1 8 0
105 18 0 64 1 11 2 200 3 200 4 200 5 156 6 22077 7 1 8 0
116 18 0 64 1 11 2 200 3 200 4 200 5 156 6 22077 7 1 8 0
116 18 0 64 1 11 2 200 3 200 4 200 5 156 6 22077 7 1 8 0
116 18 0 64 1 11 2 200 3 200 4 200 5 156 6 22077 7 1 8 0
118 18 0 64 1 11 2 200 3 200 4 200 5 156 6 22077 7 1 8 0
116 18 0 64 1 11 2 200 3 200 4 200 5 156 6 22077 7 1 8 0
116 18 0 64 1 11 2 200 3 200 4 200 5 156 6 22077 7 1 8 0
117 18 0 64 1 11 2 200 3 200 4 200 5 156 6 22077 7 1 8 0
115 18 0 64 1 11 2 200 3 200 4 200 5 156 6 22077 7 1 8 0
139 18 0 64 1 11 2 200 3 200 4 200 5 156 6 22077 7 1 8 0
136 18 0 64 1 11 2 200 3 200 4 200 5 156 6 22077 7 1 8 0
131 18 0 64 1 11 2 200 3 200 4 200 5 156 6 22077 7 1 8 0
139 18 0 64 1 11 2 200 3 200 4 200 5 156 6 22077 7 1 8 0
136 18 0 64 1 11 2 200 3 200 4 200 5 156 6 22077 7 1 8 0
0 18 0 64 1 11 2 200 3 200 4 200 5 156 6 22077 7 1 8 0
131 18 0 64 1 11 2 200 3 200 4 200 5 156 6 22077 7 1 8 0
140 18 0 64 1 11 2 200 3 200 4 200 5 156 6 22077 7 1 8 0
136 18 0 64 1 11 2 200 3 200 4 200 5 156 6 22077 7 1 8 0
138 18 0 64 1 11 2 200 3 200 4 200 5 156 6 22077 7 1 8 0
136 18 0 64 1 11 2 200 3 200 4 200 5 156 6 22077 7 1 8 0
102 18 0 64 1 11 2 200 3 200 4 200 5 156 6 22077 7 1 8 0
105 18 0 64 1 11 2 200 3 200 4 200 5 156 6 22077 7 1 8 0
103 18 0 64 1 11 2 200 3 200 4 200 5 156 6 22077 7 1 8 0
104 18 0 64 1 11 2 200 3 200 4 200 5 156 6 22077 7 1 8 0
105 18 0 64 1 11 2 200 3 200 4 200 5 156 6 22077 7 1 8 0
102 18 0 64 1 11 2 200 3 200 4 200 5 156 6 22077 7 1 8 0
105 18 0 64 1 11 2 200 3 200 4 200 5 156 6 22077 7 1 8 0
129 18 0 64 1 11 2 200 3 200 4 200 5 156 6 22077 7 1 8 0
129 18 0 60 1 11 2 200 3 200 4 200 5 156 6 22077 7 1 8 0
128 18 0 60 1 11 2 200 3 200 4 200 5 156 6 22077 7 1 8 0
127 18 0 60 1 11 2 200 3 200 4 200 5 156 6 22077 7 1 8 0
103 18 0 60 1 11 2 200 3 200 4 200 5 156 6 22077 7 1 8 0
83 18 0 60 1 11 2 200 3 200 4 200 5 156 6 22077 7 1 8 0
84 18 0 60 1 11 2 200 3 200 4 200 5 156 6 22077 7 1 8 0
82 18 0 60 1 11 2 200 3 200 4 200 5 156 6 22077 7 1 8 0
0 18 0 60 1 11 2 200 3 200 4 200 5 156 6 22077 7 1 8 0
0 18 0 60 1 11 2 200 3 200 4 200 5 156 6 22077 7 1 8 0
77 18 0 60 1 11 2 200 3 200 4 200 5 156 6 22077 7 1 8 0
0 18 0 60 1 11 2 200 3 200 4 200 5 156 6 22077 7 1 8 0
90 18 0 60 1 11 2 200 3 200 4 200 5 156 6 22077 7 1 8 0
0 18 0 60 1 11 2 200 3 200 4 200 5 156 6 22077 7 1 8 0
0 18 0 60 1 11 2 200 3 200 4 200 5 156 6 22077 7 1 8 0
0 18 0 60 1 11 2 200 3 200 4 200 5 156 6 22077 7 1 8 0
0 18 0 60 1 11 2 200 3 200 4 200 5 156 6 22077 7 1 8 0
0 18 0 60 1 11 2 200 3 200 4 200 5 156 6 22077 7 1 8 0
0 18 0 60 1 11 2 200 3 200 4 200 5 156 6 22077 7 1 8 0
0 18 0 60 1 11 2 200 3 200 4 200 5 156 6 22077 7 1 8 0
0 18 0 60 1 11 2 200 3 200 4 200 5 156 6 22077 7 1 8 0
0 18 0 60 1 11 2 200 3 200 4 200 5 156 6 22077 7 1 8 0
0 18 0 60 1 11 2 200 3 200 4 200 5 156 6 22077 7 1 8 0
0 18 0 60 1 11 2 200 3 200 4 200 5 156 6 22077 7 1 8 0
0 18 0 60 1 11 2 200 3 200 4 200 5 156 6 22077 7 1 8 0
0 18 0 60 1 11 2 200 3 200 4 200 5 156 6 22077 7 1 8 0
103 18 0 60 1 11 2 200 3 200 4 200 5 156 6 22077 7 1 8 0
0 18 0 60 1 11 2 200 3 200 4 200 5 156 6 22077 7 1 8 0
0 18 0 60 1 11 2 200 3 200 4 200 5 156 6 22077 7 1 8 0
95 18 0 60 1 11 2 200 3 200 4 200 5 156 6 22077 7 1 8 0
96 18 0 60 1 11 2 200 3 200 4 200 5 156 6 22077 7 1 8 0
100 18 0 60 1 11 2 200 3 200 4 200 5 156 6 22077 7 1 8 0
0 18 0 60 1 11 2 200 3 200 4 200 5 156 6 22077 7 1 8 0
0 18 0 60 1 11 2 200 3 200 4 200 5 156 6 22077 7 1 8 0
0 18 0 60 1 11 2 200 3 200 4 200 5 156 6 22077 7 1 8 0
94 18 0 60 1 11 2 200 3 200 4 200 5 156 6 22077 7 1 8 0
94 18 0 60 1 11 2 200 3 200 4 200 5 156 6 22077 7 1 8 0
90 18 0 60 1 11 2 200 3 200 4 200 5 156 6 22077 7 1 8 0
93 18 0 60 1 11 2 200 3 200 4 200 5 156 6 22077 7 1 8 0
93 18 0 60 1 11 2 200 3 200 4 200 5 156 6 22077 7 1 8 0
98 18 0 60 1 11 2 200 3 200 4 200 5 156 6 22077 7 1 8 0
93 18 0 60 1 11 2 200 3 200 4 200 5 156 6 22077 7 1 8 0
93 18 0 60 1 11 2 200 3 200 4 200 5 156 6 22077 7 1 8 0
93 18 0 60 1 11 2 200 3 200 4 200 5 156 6 22077 7 1 8 0
96 18 0 60 1 11 2 200 3 200 4 200 5 156 6 22077 7 1 8 0
96 18 0 60 1 11 2 200 3 200 4 200 5 156 6 22077 7 1 8 0
0 18 0 60 1 11 2 200 3 200 4 200 5 156 6 22077 7 1 8 0
93 18 0 60 1 11 2 200 3 200 4 200 5 156 6 22077 7 1 8 0
94 18 0 60 1 11 2 200 3 200 4 200 5 156 6 22077 7 1 8 0
96 18 0 60 1 11 2 200 3 200 4 200 5 156 6 22077 7 1 8 0
95 18 0 60 1 11 2 200 3 200 4 200 5 156 6 22077 7 1 8 0
0 18 0 60 1 11 2 200 3 200 4 200 5 156 6 22077 7 1 8 0
93 18 0 60 1 11 2 200 3 200 4 200 5 156 6 22077 7 1 8 0
0 18 0 60 1 11 2 200 3 200 4 200 5 156 6 22077 7 1 8 0
0 18 0 60 1 11 2 200 3 200 4 200 5 156 6 22077 7 1 8 0
97 18 0 60 1 11 2 200 3 200 4 200 5 156 6 22077 7 1 8 0
95 18 0 60 1 11 2 200 3 200 4 200 5 156 6 22077 7 1 8 0
65 18 0 15 1 11 2 200 3 200 4 200 5 224 6 19754 7 1 8 0
63 18 0 15 1 11 2 200 3 200 4 200 5 224 6 19754 7 1 8 0
97 18 0 59 1 11 2 200 3 200 4 200 5 224 6 19754 7 1 8 0
118 18 0 62 1 11 2 200 3 200 4 200 5 224 6 19754 7 1 8 0
114 18 0 62 1 11 2 200 3 200 4 200 5 224 6 19754 7 1 8 0
115 18 0 62 1 11 2 200 3 200 4 200 5 224 6 19754 7 1 8 0
114 18 0 62 1 11 2 200 3 200 4 200 5 224 6 19754 7 1 8 0
115 18 0 62 1 11 2 200 3 200 4 200 5 224 6 19754 7 1 8 0
114 18 0 62 1 11 2 200 3 200 4 200 5 224 6 19754 7 1 8 0
104 18 0 62 1 11 2 200 3 200 4 200 5 224 6 19754 7 1 8 0
102 18 0 62 1 11 2 200 3 200 4 200 5 224 6 19754 7 1 8 0
100 18 0 62 1 11 2 200 3 200 4 200 5 224 6 19754 7 1 8 0
123 18 0 62 1 11 2 200 3 200 4 200 5 255 6 19754 7 1 8 0
69 18 0 62 1 11 2 200 3 200 4 200 5 255 6 19754 7 1 8 0
125 18 0 63 1 11 2 200 3 200 4 200 5 255 6 19754 7 1 8 0
128 18 0 63 1 11 2 200 3 200 4 200 5 255 6 19754 7 1 8 0
160 18 0 63 1 11 2 200 3 200 4 200 5 255 6 19754 7 1 8 0
156 18 0 63 1 11 2 200 3 200 4 200 5 255 6 19754 7 1 8 0
163 18 0 63 1 11 2 200 3 200 4 200 5 255 6 19754 7 1 8 0
156 18 0 63 1 11 2 200 3 200 4 200 5 255 6 19754 7 1 8 0
160 18 0 63 1 11 2 200 3 200 4 200 5 255 6 19754 7 1 8 0
0 18 0 32 1 11 2 200 3 200 4 200 5 255 6 19754 7 1 8 0
0 18 0 32 1 11 2 200 3 200 4 200 5 255 6 19754 7 1 8 0
212 18 0 32 1 11 2 200 3 200 4 200 5 255 6 19754 7 1 8 0
0 18 0 16 1 11 2 200 3 200 4 200 5 255 6 19754 7 1 8 0
0 18 0 16 1 11 2 200 3 200 4 200 5 255 6 19754 7 1 8 0
53 18 0 16 1 11 2 200 3 200 4 200 5 255 6 19754 7 1 8 0
46 18 0 16 1 11 2 200 3 200 4 200 5 255 6 19754 7 1 8 0
56 18 0 16 1 11 2 200 3 200 4 200 5 255 6 19754 7 1 8 0
58 18 0 40 1 11 2 200 3 200 4 200 5 255 6 19754 7 1 8 0
187 18 0 40 1 11 2 200 3 200 4 200 5 255 6 19754 7 1 8 0
185 18 0 40 1 11 2 200 3 200 4 200 5 255 6 19754 7 1 8 0
181 18 0 40 1 11 2 200 3 200 4 200 5 255 6 19754 7 1 8 0
181 18 0 40 1 11 2 200 3 200 4 200 5 255 6 19754 7 1 8 0
176 18 0 40 1 11 2 200 3 200 4 200 5 255 6 19754 7 1 8 0
182 18 0 40 1 11 2 200 3 200 4 200 5 255 6 19754 7 1 8 0
177 18 0 40 1 11 2 200 3 200 4 200 5 255 6 19754 7 1 8 0
142 18 0 46 1 11 2 200 3 200 4 200 5 255 6 19754 7 1 8 0
149 18 0 46 1 11 2 200 3 200 4 200 5 255 6 19754 7 1 8 0
153 18 0 43 1 11 2 200 3 200 4 200 5 255 6 19754 7 1 8 0
140 18 0 40 1 11 2 200 3 200 4 200 5 255 6 19754 7 1 8 0
116 18 0 40 1 11 2 200 3 200 4 200 5 255 6 19754 7 1 8 0
118 18 0 40 1 11 2 200 3 200 4 200 5 255 6 19754 7 1 8 0
115 18 0 41 1 11 2 200 3 200 4 200 5 255 6 19754 7 1 8 0
125 18 0 41 1 11 2 200 3 200 4 200 5 255 6 19754 7 1 8 0
130 18 0 41 1 11 2 200 3 200 4 200 5 255 6 19754 7 1 8 0
128 18 0 41 1 11 2 200 3 200 4 200 5 255 6 19754 7 1 8 0
131 18 0 41 1 11 2 200 3 200 4 200 5 255 6 19754 7 1 8 0
123 18 0 41 1 11 2 200 3 200 4 200 5 255 6 19754 7 1 8 0
123 18 0 41 1 11 2 200 3 200 4 200 5 255 6 19754 7 1 8 0
128 18 0 41 1 11 2 200 3 200 4 200 5 255 6 19754 7 1 8 0
128 18 0 41 1 11 2 200 3 200 4 200 5 255 6 19754 7 1 8 0
133 18 0 41 1 11 2 200 3 200 4 200 5 255 6 19754 7 1 8 0
127 18 0 41 1 11 2 200 3 200 4 200 5 255 6 19754 7 1 8 0
124 18 0 41 1 11 2 200 3 200 4 200 5 255 6 19754 7 1 8 0
124 18 0 41 1 11 2 200 3 200 4 200 5 255 6 19754 7 1 8 0
130 18 0 41 1 11 2 200 3 200 4 200 5 255 6 19754 7 1 8 0
131 18 0 41 1 11 2 200 3 200 4 200 5 255 6 19754 7 1 8 0
96 18 0 41 1 11 2 200 3 200 4 200 5 255 6 19754 7 1 8 0
91 18 0 41 1 11 2 200 3 200 4 200 5 255 6 19754 7 1 8 0
96 18 0 41 1 11 2 200 3 200 4 200 5 255 6 19754 7 1 8 0
106 18 0 44 1 11 2 200 3 200 4 200 5 255 6 19754 7 1 8 0
107 18 0 45 1 11 2 200 3 200 4 200 5 255 6 19754 7 1 8 0
109 18 0 46 1 11 2 200 3 200 4 200 5 255 6 19754 7 1 8 0
118 18 0 46 1 11 2 200 3 200 4 200 5 255 6 19754 7 1 8 0
128 18 0 46 1 11 2 200 3 200 4 200 5 255 6 19754 7 1 8 0
127 18 0 46 1 11 2 200 3 200 4 200 5 255 6 19754 7 1 8 0
133 18 0 46 1 11 2 200 3 200 4 200 5 255 6 19754 7 1 8 0
131 18 0 46 1 11 2 200 3 200 4 200 5 255 6 19754 7 1 8 0
129 18 0 46 1 11 2 200 3 200 4 200 5 255 6 19754 7 1 8 0
127 18 0 46 1 11 2 200 3 200 4 200 5 255 6 19754 7 1 8 0
129 18 0 46 1 11 2 200 3 200 4 200 5 255 6 19754 7 1 8 0
116 18 0 46 1 11 2 200 3 200 4 200 5 255 6 19754 7 1 8 0
131 18 0 46 1 11 2 200 3 200 4 200 5 255 6 19754 7 1 8 0
134 18 0 46 1 11 2 200 3 200 4 200 5 255 6 19754 7 1 8 0
134 18 0 46 1 11 2 200 3 200 4 200 5 255 6 19754 7 1 8 0
130 18 0 46 1 11 2 200 3 200 4 200 5 255 6 19754 7 1 8 0
124 18 0 46 1 11 2 200 3 200 4 200 5 255 6 19754 7 1 8 0
126 18 0 46 1 11 2 200 3 200 4 200 5 255 6 19754 7 1 8 0
122 18 0 46 1 11 2 200 3 200 4 200 5 255 6 19754 7 1 8 0
119 18 0 46 1 11 2 200 3 200 4 200 5 255 6 19754 7 1 8 0
135 18 0 46 1 11 2 200 3 200 4 200 5 255 6 19754 7 1 8 0
124 18 0 46 1 11 2 200 3 200 4 200 5 255 6 19754 7 1 8 0
125 18 0 46 1 11 2 200 3 200 4 200 5 255 6 19754 7 1 8 0
121 18 0 46 1 11 2 200 3 200 4 200 5 255 6 19754 7 1 8 0
117 18 0 46 1 11 2 200 3 200 4 200 5 255 6 19754 7 1 8 0
128 18 0 46 1 11 2 200 3 200 4 200 5 255 6 19754 7 1 8 0
123 18 0 46 1 11 2 200 3 200 4 200 5 255 6 19754 7 1 8 0
124 18 0 46 1 11 2 200 3 200 4 200 5 255 6 19754 7 1 8 0
133 18 0 46 1 11 2 200 3 200 4 200 5 255 6 19754 7 1 8 0
127 18 0 46 1 11 2 200 3 200 4 200 5 255 6 19754 7 1 8 0
123 18 0 46 1 11 2 200 3 200 4 200 5 255 6 19754 7 1 8 0
140 18 0 46 1 11 2 200 3 200 4 200 5 255 6 19754 7 1 8 0
125 18 0 46 1 11 2 200 3 200 4 200 5 255 6 19754 7 1 8 0
121 18 0 46 1 11 2 200 3 200 4 200 5 255 6 19754 7 1 8 0
124 18 0 46 1 11 2 200 3 200 4 200 5 255 6 19754 7 1 8 0
124 18 0 46 1 11 2 200 3 200 4 200 5 255 6 19754 7 1 8 0
116 18 0 46 1 11 2 200 3 200 4 200 5 255 6 19754 7 1 8 0
116 18 0 46 1 11 2 200 3 200 4 200 5 255 6 19754 7 1 8 0
120 18 0 43 1 11 2 200 3 200 4 200 5 255 6 19754 7 1 8 0
96 18 0 43 1 11 2 200 3 200 4 200 5 255 6 19754 7 1 8 0
102 18 0 43 1 11 2 200 3 200 4 200 5 255 6 19754 7 1 8 0
95 18 0 43 1 11 2 200 3 200 4 200 5 255 6 19754 7 1 8 0
95 18 0 43 1 11 2 200 3 200 4 200 5 255 6 19754 7 1 8 0
99 18 0 43 1 11 2 200 3 200 4 200 5 255 6 19754 7 1 8 0
91 18 0 46 1 11 2 200 3 200 4 200 5 255 6 19754 7 1 8 0
91 18 0 46 1 11 2 200 3 200 4 200 5 255 6 19754 7 1 8 0
99 18 0 46 1 11 2 200 3 200 4 200 5 255 6 19754 7 1 8 0
99 18 0 46 1 11 2 200 3 200 4 200 5 255 6 19754 7 1 8 0
115 18 0 46 1 11 2 200 3 200 4 200 5 255 6 19754 7 1 8 0
122 18 0 48 1 11 2 200 3 200 4 200 5 255 6 19754 7 1 8 0
127 18 0 48 1 11 2 200 3 200 4 200 5 255 6 19754 7 1 8 0
126 18 0 48 1 11 2 200 3 200 4 200 5 255 6 19754 7 1 8 0
115 18 0 48 1 11 2 200 3 200 4 200 5 255 6 19754 7 1 8 0
130 18 0 48 1 11 2 200 3 200 4 200 5 255 6 19754 7 1 8 0
123 18 0 48 1 11 2 200 3 200 4 200 5 255 6 19754 7 1 8 0
128 18 0 48 1 11 2 200 3 200 4 200 5 255 6 19754 7 1 8 0
118 18 0 48 1 11 2 200 3 200 4 200 5 255 6 19754 7 1 8 0
132 18 0 48 1 11 2 200 3 200 4 200 5 255 6 19754 7 1 8 0
130 18 0 48 1 11 2 200 3 200 4 200 5 255 6 19754 7 1 8 0
0 18 0 48 1 11 2 200 3 200 4 200 5 255 6 19754 7 1 8 0
0 18 0 49 1 11 2 200 3 200 4 200 5 255 6 19754 7 1 8 0
0 18 0 49 1 11 2 200 3 200 4 200 5 255 6 19754 7 1 8 0
0 18 0 49 1 11 2 200 3 200 4 200 5 255 6 19754 7 1 8 0
0 18 0 49 1 11 2 200 3 200 4 200 5 255 6 19754 7 1 8 0
0 18 0 49 1 11 2 200 3 200 4 200 5 255 6 19754 7 1 8 0
0 18 0 49 1 11 2 200 3 200 4 200 5 255 6 19754 7 1 8 0
0 18 0 49 1 11 2 200 3 200 4 200 5 255 6 19754 7 1 8 0
0 18 0 49 1 11 2 200 3 200 4 200 5 255 6 19754 7 1 8 0
0 18 0 49 1 11 2 200 3 200 4 200 5 255 6 19754 7 1 8 0
0 18 0 49 1 11 2 200 3 200 4 200 5 255 6 19754 7 1 8 0
0 18 0 49 1 11 2 200 3 200 4 200 5 255 6 19754 7 1 8 0
0 18 0 49 1 11 2 200 3 200 4 200 5 255 6 19754 7 1 8 0
